1 0.001
2 0.002
3 0.001
4 0.002
5 0.002
6 0.003
7 0.002
8 0.002
9 0.001
10 0.003
11 0.002
12 0.003
13 0.003
14 0.003
15 0.004
16 0.003
17 0.003
18 0.003
19 0.003
20 0.004
21 0.004
22 0.003
23 0.003
24 0.003
25 0.003
26 0.002
27 0.001
28 0.003
29 0.002
30 0.002
31 0.013
32 0.002
33 0.003
34 0.003
35 0.002
36 0.002
37 0.001
38 0.002
39 0.002
40 0.001
41 0.002
42 0.002
43 0.001
44 0.007
45 0.002
46 0.002
47 0.002
48 0.003
49 0.001
50 0.002
51 0.002
52 0.003
53 0.002
54 0.003
55 0.002
56 0.002
57 0.001
58 0.002
59 0.006
60 0.002
61 0.002
62 0.002
63 0.001
64 0.002
65 0.002
66 0.003
67 0.002
68 0.003
69 0.003
70 0.002
71 0.002
72 0.003
73 0.002
74 0.003
75 0.002
76 0.013
77 0.002
78 0.002
79 0.002
80 0.002
81 0.003
82 0.002
