1 3.092
2 0.145
3 0.125
4 0.145
5 0.126
6 0.13
7 0.131
8 0.135
9 0.121
10 0.131
11 0.102
12 0.128
13 0.118
14 0.104
15 0.097
16 0.101
17 0.103
18 0.097
19 0.096
20 0.114
21 0.128
22 0.108
23 0.144
24 0.111
25 0.139
26 0.109
27 0.108
28 0.153
29 0.116
30 0.114
31 0.11
32 0.096
33 0.093
34 0.105
35 0.111
36 0.113
37 0.108
38 0.11
39 0.107
40 0.105
41 0.107
42 0.108
43 0.098
44 0.095
45 0.097
46 0.097
47 0.084
48 0.112
49 0.105
50 0.091
51 0.085
52 0.133
53 0.088
54 0.088
55 0.092
56 0.09
57 0.1
58 0.122
59 0.131
60 0.098
61 0.11
62 0.101
63 0.098
64 0.111
65 0.096
66 0.114
67 0.097
68 0.101
69 0.113
70 0.107
71 0.113
72 0.097
73 0.098
74 0.124
75 0.109
76 0.115
77 0.111
78 0.111
79 0.101
80 0.104
81 0.103
82 0.119
